Type of server: blocking
Number of requests from each client: 100
Current testing parameter: time between requests
Bounds of time between requests: from 0 to 100 with step 1
array size: 1200
number of clients: 100

0 1790
1 163
2 166
3 243
4 445
5 1214
6 466
7 591
8 713
9 872
10 725
11 1072
12 1147
13 1286
14 1425
15 1202
16 1037
17 1421
18 1417
19 1538
20 1545
21 1550
22 1847
23 1975
24 1440
25 1399
26 1418
27 1251
28 1374
29 1509
30 1221
31 1292
32 1271
33 1429
34 1295
35 1155
36 1097
37 973
38 1070
39 1046
40 924
41 981
42 825
43 873
44 841
45 1284
46 1030
47 894
48 626
49 493
50 493
51 484
52 475
53 422
54 344
55 293
56 204
57 95
58 107
59 59
60 81
61 24
62 16
63 19
64 15
65 10
66 9
67 10
68 8
69 7
70 8
71 8
72 6
73 9
74 7
75 7
76 8
77 8
78 10
79 6
80 6
81 9
82 10
83 10
84 6
85 5
86 6
87 7
88 8
89 8
90 7
91 7
92 5
93 7
94 8
95 7
96 5
97 5
98 9
99 6
100 4
