Type of server: asynchronous
Number of requests from each client: 100
Current testing parameter: time between requests
Bounds of time between requests: from 0 to 100 with step 1
array size: 1000
number of clients: 100

0 408
1 322
2 428
3 1176
4 644
5 986
6 988
7 1009
8 1129
9 1356
10 1456
11 1352
12 1403
13 1453
14 1330
15 1252
16 1409
17 1210
18 1189
19 1317
20 1309
21 1257
22 1065
23 1095
24 1146
25 1058
26 982
27 1056
28 987
29 829
30 802
31 1095
32 1284
33 883
34 836
35 638
36 661
37 577
38 573
39 429
40 478
41 361
42 405
43 367
44 370
45 137
46 150
47 75
48 98
49 38
50 14
51 34
52 16
53 11
54 9
55 9
56 9
57 10
58 6
59 5
60 6
61 5
62 4
63 9
64 5
65 9
66 5
67 5
68 12
69 11
70 7
71 6
72 11
73 7
74 7
75 9
76 8
77 8
78 7
79 10
80 6
81 5
82 10
83 8
84 6
85 9
86 12
87 13
88 7
89 4
90 10
91 7
92 8
93 9
94 10
95 11
96 9
97 10
98 8
99 7
100 4
